Vector representation of 'your_word': [ 9.4563962e-05  3.0773187e-03 -6.8126465e-03 -1.3754654e-03
  7.6685809e-03  7.3464084e-03 -3.6732983e-03  2.6427007e-03
 -8.3171297e-03  6.2054847e-03 -4.6373224e-03 -3.1641079e-03
  9.3113566e-03  8.7338447e-04  7.4907015e-03 -6.0740639e-03
  5.1605059e-03  9.9228211e-03 -8.4573915e-03 -5.1356913e-03
 -7.0648384e-03 -4.8626517e-03 -3.7785650e-03 -8.5362010e-03
  7.9556061e-03 -4.8439382e-03  8.4236125e-03  5.2625705e-03
 -6.5500261e-03  3.9578700e-03  5.4701497e-03 -7.4265362e-03
 -7.4057197e-03 -2.4752307e-03 -8.6257271e-03 -1.5815735e-03
 -4.0343284e-04  3.2996845e-03  1.4418793e-03 -8.8142155e-04
 -5.5940580e-03  1.7303658e-03 -8.9737179e-04  6.7936899e-03
  3.9735888e-03  4.5294715e-03  1.4343048e-03 -2.6998566e-03
 -4.3668128e-03 -1.0320758e-03  1.4370275e-03 -2.6460099e-03
 -7.0737838e-03 -7.8053069e-03 -9.1217877e-03 -5.9351707e-03
 -1.8474245e-03 -4.3238713e-03 -6.4606713e-03 -3.7173224e-03
  4.2891572e-03 -3.7390448e-03  8.3781742e-03  1.5339922e-03
 -7.2423196e-03  9.4337985e-03  7.6312111e-03  5.4932809e-03
 -6.8488456e-03  5.8226776e-03  4.0090918e-03  5.1853680e-03
  4.2559002e-03  1.9397545e-03 -3.1701636e-03  8.3538434e-03
  9.6121784e-03  3.7926030e-03 -2.8369951e-03  7.1263312e-06
  1.2188172e-03 -8.4583256e-03 -8.2239462e-03 -2.3101569e-04
  1.2372875e-03 -5.7433820e-03 -4.7252751e-03 -7.3460746e-03
  8.3286138e-03  1.2129784e-04 -4.5093987e-03  5.7017040e-03
  9.1800140e-03 -4.0998720e-03  7.9646800e-03  5.3754328e-03
  5.8791232e-03  5.1259040e-04  8.2130842e-03 -7.0190406e-03]
Similar words to 'your_word': [('tha', 0.3390950858592987), ('Up', 0.26485419273376465), ('india', 0.22784513235092163), ('really', 0.22410592436790466), ('to', 0.2142253965139389)]